56
tab_game_character_sheet 0 tableau_with_transparency 1024 1024 0 0 266 532 13 23 2 1224979098644774912 1 1985 1 4287137928 1987 3 10 11 15 2124 1 100 1989 5 0 40 40 0 100000 701 1 1 731 2 1 100 729 2 1 -20 730 2 1 -20 1980 5 1729382256910270492 1224979098644774912 1 0 0 731 2 1 200 1980 5 1729382256910270491 1224979098644774912 1 0 0 731 2 1 300 
tab_game_inventory_window 0 tableau_with_transparency 1024 1024 0 0 180 270 13 23 2 1224979098644774912 1 1985 1 4287137928 1987 3 10 11 15 2124 1 100 1989 5 0 40 40 0 100000 701 1 1 731 2 1 100 729 2 1 -20 730 2 1 -20 1980 5 1729382256910270494 1224979098644774912 1 0 0 731 2 1 200 1980 5 1729382256910270493 1224979098644774912 1 0 0 731 2 1 300 
tab_game_profile_window 0 tableau_with_transparency 1024 1024 0 0 320 480 21 23 2 1224979098644774912 1 2133 2 1224979098644774913 1224979098644774912 2109 2 1224979098644774913 2 4 0 31 2 1224979098644774913 0 2133 2 1224979098644774914 360287970189639681 5 0 2133 2 1224979098644774914 360287970189639682 3 0 1503 1 1224979098644774914 1985 1 4287137928 1987 3 10 11 15 2124 1 100 1989 5 0 40 40 0 100000 701 1 1 731 2 1 100 729 2 1 -20 730 2 1 -20 1980 5 1729382256910270496 1224979098644774914 1 0 0 731 2 1 200 1980 5 1729382256910270495 1224979098644774914 1 0 0 
tab_game_party_window 0 tableau_with_transparency 1024 1024 0 0 300 300 13 23 2 1224979098644774912 1 1985 1 4287137928 1987 3 10 11 15 2124 1 100 1989 5 0 40 40 0 100000 701 1 1 731 2 1 100 729 2 1 -20 730 2 1 -20 1980 5 1729382256910270498 1224979098644774912 1 0 0 731 2 1 200 1980 5 1729382256910270497 1224979098644774912 1 0 0 731 2 1 300 
tab_game_troop_label_banner 0 tableau_with_transparency 256 256 -128 0 128 256 15 23 2 1224979098644774912 1 1985 1 4287137928 2124 1 100 1989 5 0 100 100 0 100000 4 0 30 2 1224979098644774912 0 540 3 1224979098644774912 13 -1 1 11 936748722493063642 1224979098644774912 0 0 5120 5120 10000 10000 10000 10000 0 5 0 1 3 936748722493063586 -1 1224979098644774912 2133 2 1224979098644774913 72057594037927936 701 1 1 730 2 1 120 1992 4 1224979098644774913 1 120 0 3 0 
tab_round_shield_1 0 sample_shield_round_1 512 256 0 0 0 0 18 23 2 1224979098644774912 1 2124 1 100 4 0 30 2 1224979098644774912 0 540 3 1224979098644774912 13 -1 1 11 936748722493063642 1224979098644774912 -50 0 10000 10000 8000 8000 10000 8000 1 5 0 1 3 936748722493063586 -1 1224979098644774912 2133 2 1224979098644774913 72057594037927936 701 1 1 729 2 1 -50 730 2 1 125 1992 4 1224979098644774913 1 120 0 3 0 701 1 1 731 2 1 10 1992 4 1441151880758558954 1 0 0 1989 5 0 200 100 0 100000 
tab_round_shield_2 0 sample_shield_matte 512 256 0 0 0 0 18 23 2 1224979098644774912 1 2124 1 100 4 0 30 2 1224979098644774912 0 540 3 1224979098644774912 13 -1 1 11 936748722493063642 1224979098644774912 -50 0 10000 10000 8000 8000 10000 8000 1 5 0 1 3 936748722493063586 -1 1224979098644774912 2133 2 1224979098644774913 72057594037927936 701 1 1 729 2 1 -50 730 2 1 120 1992 4 1224979098644774913 1 116 0 3 0 701 1 1 731 2 1 10 1992 4 1441151880758558955 1 0 0 1989 5 0 200 100 0 100000 
tab_round_shield_3 0 sample_shield_matte 512 256 0 0 0 0 18 23 2 1224979098644774912 1 2124 1 100 4 0 30 2 1224979098644774912 0 540 3 1224979098644774912 13 -1 1 11 936748722493063642 1224979098644774912 -50 0 10000 10000 8000 8000 10000 8000 1 5 0 1 3 936748722493063586 -1 1224979098644774912 2133 2 1224979098644774913 72057594037927936 701 1 1 729 2 1 -50 730 2 1 120 1992 4 1224979098644774913 1 116 0 3 0 701 1 1 731 2 1 10 1992 4 1441151880758558956 1 0 0 1989 5 0 200 100 0 100000 
tab_round_shield_4 0 sample_shield_matte 512 256 0 0 0 0 18 23 2 1224979098644774912 1 2124 1 100 4 0 30 2 1224979098644774912 0 540 3 1224979098644774912 13 -1 1 11 936748722493063642 1224979098644774912 -50 0 10000 10000 8000 8000 10000 8000 1 5 0 1 3 936748722493063586 -1 1224979098644774912 2133 2 1224979098644774913 72057594037927936 701 1 1 729 2 1 -50 730 2 1 125 1992 4 1224979098644774913 1 123 0 3 0 701 1 1 731 2 1 10 1992 4 1441151880758558957 1 0 0 1989 5 0 200 100 0 100000 
tab_round_shield_5 0 sample_shield_matte 512 256 0 0 0 0 18 23 2 1224979098644774912 1 2124 1 100 4 0 30 2 1224979098644774912 0 540 3 1224979098644774912 13 -1 1 11 936748722493063642 1224979098644774912 -50 0 10000 10000 8000 8000 10000 8000 1 5 0 1 3 936748722493063586 -1 1224979098644774912 2133 2 1224979098644774913 72057594037927936 701 1 1 729 2 1 -50 730 2 1 125 1992 4 1224979098644774913 1 122 0 3 0 701 1 1 731 2 1 10 1992 4 1441151880758558958 1 0 0 1989 5 0 200 100 0 100000 
tab_small_round_shield_1 0 sample_shield_small_round_1 512 256 0 0 0 0 18 23 2 1224979098644774912 1 2124 1 100 4 0 30 2 1224979098644774912 0 540 3 1224979098644774912 13 -1 1 11 936748722493063642 1224979098644774912 -50 0 10000 10000 8000 8000 10000 8000 1 5 0 1 3 936748722493063586 -1 1224979098644774912 2133 2 1224979098644774913 72057594037927936 701 1 1 729 2 1 -50 730 2 1 130 1992 4 1224979098644774913 1 127 0 3 0 701 1 1 731 2 1 10 1992 4 1441151880758558959 1 0 0 1989 5 0 200 100 0 100000 
tab_small_round_shield_2 0 sample_shield_small_round_2 512 256 0 0 0 0 18 23 2 1224979098644774912 1 2124 1 100 4 0 30 2 1224979098644774912 0 540 3 1224979098644774912 13 -1 1 11 936748722493063642 1224979098644774912 -50 0 10000 10000 8000 8000 10000 8000 1 5 0 1 3 936748722493063586 -1 1224979098644774912 2133 2 1224979098644774913 72057594037927936 701 1 1 729 2 1 -50 730 2 1 130 1992 4 1224979098644774913 1 127 0 3 0 701 1 1 731 2 1 10 1992 4 1441151880758558960 1 0 0 1989 5 0 200 100 0 100000 
tab_small_round_shield_3 0 sample_shield_matte 512 256 0 0 0 0 18 23 2 1224979098644774912 1 2124 1 100 4 0 30 2 1224979098644774912 0 540 3 1224979098644774912 13 -1 1 11 936748722493063642 1224979098644774912 -50 0 10000 10000 8000 8000 10000 8000 1 5 0 1 3 936748722493063586 -1 1224979098644774912 2133 2 1224979098644774913 72057594037927936 701 1 1 729 2 1 -50 730 2 1 130 1992 4 1224979098644774913 1 127 0 3 0 701 1 1 731 2 1 10 1992 4 1441151880758558961 1 0 0 1989 5 0 200 100 0 100000 
tab_kite_shield_1 0 sample_shield_matte 512 512 0 0 0 0 18 23 2 1224979098644774912 1 2124 1 100 4 0 30 2 1224979098644774912 0 540 3 1224979098644774912 13 -1 1 11 936748722493063642 1224979098644774912 -57 30 10000 10000 8000 8000 10000 8000 1 5 0 1 3 936748722493063586 -1 1224979098644774912 2133 2 1224979098644774913 72057594037927936 701 1 1 729 2 1 -60 730 2 1 140 1992 4 1224979098644774913 1 116 0 3 0 701 1 1 731 2 1 10 1992 4 1441151880758558962 1 0 0 1989 5 0 200 200 0 100000 
tab_kite_shield_2 0 sample_shield_matte 512 512 0 0 0 0 18 23 2 1224979098644774912 1 2124 1 100 4 0 30 2 1224979098644774912 0 540 3 1224979098644774912 13 -1 1 11 936748722493063642 1224979098644774912 -57 30 10000 10000 8000 8000 10000 8000 1 5 0 1 3 936748722493063586 -1 1224979098644774912 2133 2 1224979098644774913 72057594037927936 701 1 1 729 2 1 -57 730 2 1 140 1992 4 1224979098644774913 1 116 0 3 0 701 1 1 731 2 1 10 1992 4 1441151880758558963 1 0 0 1989 5 0 200 200 0 100000 
tab_kite_shield_3 0 sample_shield_matte 512 512 0 0 0 0 18 23 2 1224979098644774912 1 2124 1 100 4 0 30 2 1224979098644774912 0 540 3 1224979098644774912 13 -1 1 11 936748722493063642 1224979098644774912 -57 30 10000 10000 8000 8000 10000 8000 1 5 0 1 3 936748722493063586 -1 1224979098644774912 2133 2 1224979098644774913 72057594037927936 701 1 1 729 2 1 -57 730 2 1 140 1992 4 1224979098644774913 1 116 0 3 0 701 1 1 731 2 1 10 1992 4 1441151880758558964 1 0 0 1989 5 0 200 200 0 100000 
tab_kite_shield_4 0 sample_shield_matte 512 512 0 0 0 0 18 23 2 1224979098644774912 1 2124 1 100 4 0 30 2 1224979098644774912 0 540 3 1224979098644774912 13 -1 1 11 936748722493063642 1224979098644774912 -50 30 10000 10000 8000 8000 10000 8000 1 5 0 1 3 936748722493063586 -1 1224979098644774912 2133 2 1224979098644774913 72057594037927936 701 1 1 729 2 1 -50 730 2 1 160 1992 4 1224979098644774913 1 120 0 3 0 701 1 1 731 2 1 10 1992 4 1441151880758558965 1 0 0 1989 5 0 200 200 0 100000 
tab_heater_shield_1 0 sample_shield_matte 512 512 0 0 0 0 18 23 2 1224979098644774912 1 2124 1 100 4 0 30 2 1224979098644774912 0 540 3 1224979098644774912 13 -1 1 11 936748722493063642 1224979098644774912 -55 30 10000 10000 8000 8000 10000 8000 1 5 0 1 3 936748722493063586 -1 1224979098644774912 2133 2 1224979098644774913 72057594037927936 701 1 1 729 2 1 -60 730 2 1 151 1992 4 1224979098644774913 1 116 0 3 0 701 1 1 731 2 1 10 1992 4 1441151880758558966 1 0 0 1989 5 0 200 200 0 100000 
tab_heater_shield_2 0 sample_shield_matte 512 512 0 0 0 0 18 23 2 1224979098644774912 1 2124 1 100 4 0 30 2 1224979098644774912 0 540 3 1224979098644774912 13 -1 1 11 936748722493063642 1224979098644774912 -50 40 10000 10000 8000 8000 10000 8000 1 5 0 1 3 936748722493063586 -1 1224979098644774912 2133 2 1224979098644774913 72057594037927936 701 1 1 729 2 1 -50 730 2 1 150 1992 4 1224979098644774913 1 116 0 3 0 701 1 1 731 2 1 10 1992 4 1441151880758558967 1 0 0 1989 5 0 200 200 0 100000 
tab_pavise_shield_1 0 sample_shield_matte 512 512 0 0 0 0 18 23 2 1224979098644774912 1 2124 1 100 4 0 30 2 1224979098644774912 0 540 3 1224979098644774912 13 -1 1 11 936748722493063642 1224979098644774912 -50 0 10000 10000 9800 9800 10000 8000 1 5 0 1 3 936748722493063586 -1 1224979098644774912 2133 2 1224979098644774913 72057594037927936 701 1 1 729 2 1 -54 730 2 1 120 1992 4 1224979098644774913 1 118 0 3 0 701 1 1 731 2 1 10 1992 4 1441151880758558968 1 0 0 1989 5 0 200 200 0 100000 
tab_pavise_shield_2 0 sample_shield_matte 512 512 0 0 0 0 18 23 2 1224979098644774912 1 2124 1 100 4 0 30 2 1224979098644774912 0 540 3 1224979098644774912 13 -1 1 11 936748722493063642 1224979098644774912 -50 0 10000 10000 9800 9800 10000 8000 1 5 0 1 3 936748722493063586 -1 1224979098644774912 2133 2 1224979098644774913 72057594037927936 701 1 1 729 2 1 -54 730 2 1 120 1992 4 1224979098644774913 1 116 0 3 0 701 1 1 731 2 1 10 1992 4 1441151880758558969 1 0 0 1989 5 0 200 200 0 100000 
tab_heraldic_armor_a 0 sample_heraldic_armor_a 1024 1024 0 0 0 0 24 23 2 1224979098644774912 1 2124 1 100 4 0 30 2 1224979098644774912 0 540 3 1224979098644774912 13 -1 1 11 936748722493063642 1224979098644774912 -58 -23 5000 10400 6000 7000 4000 15000 0 5 0 1 3 936748722493063586 -1 1224979098644774912 2133 2 1224979098644774913 72057594037927936 2121 3 1224979098644774914 1224979098644774913 1441151880758559127 520 3 1224979098644774915 360287970189640539 1224979098644774914 1985 1 1224979098644774915 701 1 1 1993 5 1441151880758558970 1 200 100 1224979098644774915 701 1 1 731 2 1 1 729 2 1 -58 730 2 1 75 1992 4 1224979098644774913 1 95 0 3 0 701 1 1 731 2 1 30 1992 4 1441151880758558971 1 0 0 1989 5 0 200 200 0 100000 
tab_heraldic_armor_b 0 sample_heraldic_armor_b 1024 1024 0 0 0 0 24 23 2 1224979098644774912 1 2124 1 100 4 0 30 2 1224979098644774912 0 540 3 1224979098644774912 13 -1 1 11 936748722493063642 1224979098644774912 -58 -23 5000 10400 6000 7000 4000 15000 0 5 0 1 3 936748722493063586 -1 1224979098644774912 2133 2 1224979098644774913 72057594037927936 2121 3 1224979098644774914 1224979098644774913 1441151880758559127 520 3 1224979098644774915 360287970189640539 1224979098644774914 1985 1 1224979098644774915 701 1 1 1993 5 1441151880758558970 1 200 100 1224979098644774915 701 1 1 731 2 1 1 729 2 1 -58 730 2 1 75 1992 4 1224979098644774913 1 95 0 3 0 701 1 1 731 2 1 30 1992 4 1441151880758558972 1 0 0 1989 5 0 200 200 0 100000 
tab_heraldic_armor_c 0 sample_heraldic_armor_c 1024 1024 0 0 0 0 24 23 2 1224979098644774912 1 2124 1 100 4 0 30 2 1224979098644774912 0 540 3 1224979098644774912 13 -1 1 11 936748722493063642 1224979098644774912 -58 -23 5000 10400 6000 7000 4000 15000 0 5 0 1 3 936748722493063586 -1 1224979098644774912 2133 2 1224979098644774913 72057594037927936 2121 3 1224979098644774914 1224979098644774913 1441151880758559127 520 3 1224979098644774915 360287970189640539 1224979098644774914 1985 1 1224979098644774915 701 1 1 1993 5 1441151880758558970 1 200 100 1224979098644774915 701 1 1 731 2 1 1 729 2 1 -58 730 2 1 75 1992 4 1224979098644774913 1 95 0 3 0 701 1 1 731 2 1 30 1992 4 1441151880758558973 1 0 0 1989 5 0 200 200 0 100000 
tab_heraldic_armor_d 0 sample_heraldic_armor_d 1024 1024 0 0 0 0 24 23 2 1224979098644774912 1 2124 1 100 4 0 30 2 1224979098644774912 0 540 3 1224979098644774912 13 -1 1 11 936748722493063642 1224979098644774912 17 52 3500 6650 6500 7000 3500 15000 0 5 0 1 3 936748722493063586 -1 1224979098644774912 2133 2 1224979098644774913 72057594037927936 2121 3 1224979098644774914 1224979098644774913 1441151880758559127 520 3 1224979098644774915 360287970189640539 1224979098644774914 1985 1 1224979098644774915 701 1 1 1993 5 1441151880758558970 1 200 100 1224979098644774915 701 1 1 731 2 1 1 729 2 1 17 730 2 1 150 1992 4 1224979098644774913 1 90 0 3 0 701 1 1 731 2 1 30 1992 4 1441151880758558974 1 0 0 1989 5 0 200 200 0 100000 
tab_troop_note_alpha_mask 0 mat_troop_portrait_mask 1024 1024 0 0 400 400 5 23 2 1224979098644774912 1 1985 1 8947848 1987 3 10 11 15 1984 0 1 2 936748722493063589 1224979098644774912 
tab_troop_note_color 0 mat_troop_portrait_color 1024 1024 0 0 400 400 4 23 2 1224979098644774912 1 1985 1 4291214228 1987 3 10 11 15 1 2 936748722493063589 1224979098644774912 
tab_troop_character_alpha_mask 0 mat_troop_portrait_mask 1024 1024 0 0 400 400 5 23 2 1224979098644774912 1 1985 1 8947848 1987 3 10 11 15 1984 0 1 2 936748722493063590 1224979098644774912 
tab_troop_character_color 0 mat_troop_portrait_color 1024 1024 0 0 400 400 4 23 2 1224979098644774912 1 1985 1 4292923313 1987 3 10 11 15 1 2 936748722493063590 1224979098644774912 
tab_troop_inventory_alpha_mask 0 mat_troop_portrait_mask 1024 1024 0 0 400 400 5 23 2 1224979098644774912 1 1985 1 8947848 1987 3 10 11 15 1984 0 1 2 936748722493063591 1224979098644774912 
tab_troop_inventory_color 0 mat_troop_portrait_color 1024 1024 0 0 400 400 4 23 2 1224979098644774912 1 1985 1 4285159482 1987 3 10 11 15 1 2 936748722493063591 1224979098644774912 
tab_troop_profile_alpha_mask 0 mat_troop_portrait_mask 1024 1024 0 0 400 400 11 23 2 1224979098644774912 1 1985 1 8947848 1987 3 10 11 15 1984 0 4 0 1073741855 2 1224979098644774912 360287970189639681 31 2 1224979098644774912 360287970189639682 1 2 936748722493063592 1224979098644774912 5 0 1 2 936748722493063593 1224979098644774912 3 0 
tab_troop_profile_color 0 mat_troop_portrait_color 1024 1024 0 0 400 400 10 23 2 1224979098644774912 1 1985 1 4294567848 1987 3 10 11 15 4 0 1073741855 2 1224979098644774912 360287970189639681 31 2 1224979098644774912 360287970189639682 1 2 936748722493063592 1224979098644774912 5 0 1 2 936748722493063593 1224979098644774912 3 0 
tab_troop_party_alpha_mask 0 mat_troop_portrait_mask 1024 1024 0 0 400 400 5 23 2 1224979098644774912 1 1985 1 8947848 1987 3 10 11 15 1984 0 1 2 936748722493063595 1224979098644774912 
tab_troop_party_color 0 mat_troop_portrait_color 1024 1024 0 0 400 400 4 23 2 1224979098644774912 1 1985 1 4290681970 1987 3 10 11 15 1 2 936748722493063595 1224979098644774912 
tab_troop_note_mesh 0 tableau_with_transparency 1024 1024 0 0 350 350 14 23 2 1224979098644774912 1 1985 1 4287137928 1987 3 10 11 15 2124 1 100 1989 5 0 40 40 0 100000 701 1 1 731 2 1 100 729 2 1 -20 730 2 1 -20 1980 5 1729382256910270490 1224979098644774912 1 0 0 731 2 1 200 1980 5 1729382256910270489 1224979098644774912 1 0 0 731 2 1 300 1992 4 1441151880758558772 1 0 0 
tab_center_note_mesh 0 tableau_with_transparency 1024 1024 0 0 200 200 31 23 2 1224979098644774912 1 2124 1 100 1985 1 8947848 1987 3 10 11 15 701 1 8 729 2 8 -210 730 2 8 200 731 2 8 300 1990 4 8 550 500 450 1989 5 1 10 10 10 10000 701 1 1 731 2 1 0 731 2 1 -500 701 1 1 730 2 1 -100 729 2 1 -100 731 2 1 100 725 2 1 200 1681 2 1224979098644774913 1224979098644774912 4 0 30 2 1224979098644774913 0 1994 3 1224979098644774913 1 0 3 0 701 1 5 729 2 5 -90 731 2 5 500 730 2 5 480 723 2 5 -90 725 2 5 180 723 2 5 -35 1988 1 5 
tab_faction_note_mesh_for_menu 0 pic_arms_swadian 1024 512 0 0 450 225 13 23 2 1224979098644774912 1 1985 1 4294967295 2124 1 100 4 0 33 3 1224979098644774912 432345564227567631 432345564227567637 2120 3 1224979098644774913 1441151880758558747 1224979098644774912 2106 2 1224979098644774913 432345564227567631 701 1 1 730 2 1 -5 729 2 1 -45 1992 4 1224979098644774913 1 0 0 1989 5 0 160 80 0 100000 3 0 
tab_faction_note_mesh 0 pic_arms_swadian 1024 512 0 0 500 250 12 23 2 1224979098644774912 1 1985 1 4294967295 2124 1 100 4 0 33 3 1224979098644774912 432345564227567631 432345564227567637 2120 3 1224979098644774913 1441151880758558747 1224979098644774912 2106 2 1224979098644774913 432345564227567631 701 1 1 730 2 1 -5 1992 4 1224979098644774913 1 0 0 1989 5 0 100 50 0 100000 3 0 
tab_faction_note_mesh_banner 0 tableau_with_transparency 1024 1024 0 0 200 200 28 23 2 1224979098644774912 1 2124 1 100 4 0 522 3 1224979098644774913 1224979098644774912 11 30 2 1224979098644774913 0 520 3 1224979098644774914 1224979098644774913 13 4 0 31 2 1224979098644774914 -1 701 1 1 731 2 1 -500 729 2 1 -46 730 2 1 -105 1980 5 1729382256910270490 360287970189639680 1 600 0 731 2 1 -200 1980 5 1729382256910270489 360287970189639680 1 600 0 731 2 1 -100 5 0 32 2 1224979098644774914 0 2120 3 1224979098644774915 1080863910568919436 1 33 3 1224979098644774914 1080863910568919286 1224979098644774915 2106 2 1224979098644774914 1080863910568919286 2120 3 1224979098644774916 1224979098644774914 1441151880758558976 701 1 1 730 2 1 102 1992 4 1224979098644774916 1 93 0 3 0 3 0 1989 5 0 210 210 0 100000 
tab_2_factions_mesh 0 tableau_with_transparency 1024 1024 0 0 200 200 59 23 2 1224979098644774912 1 2119 3 1224979098644774913 1224979098644774912 128 2108 2 1224979098644774912 128 2105 2 1224979098644774912 432345564227567630 2105 2 1224979098644774913 432345564227567630 2124 1 100 4 0 522 3 1224979098644774914 1224979098644774912 11 30 2 1224979098644774914 0 520 3 1224979098644774915 1224979098644774914 13 4 0 31 2 1224979098644774915 -1 701 1 1 731 2 1 -500 729 2 1 -90 730 2 1 -105 1980 5 1729382256910270490 360287970189639680 1 600 0 731 2 1 -200 1980 5 1729382256910270489 360287970189639680 1 600 0 731 2 1 -100 5 0 32 2 1224979098644774915 0 2120 3 1224979098644774916 1080863910568919436 1 33 3 1224979098644774915 1080863910568919286 1224979098644774916 2106 2 1224979098644774915 1080863910568919286 2120 3 1224979098644774917 1224979098644774915 1441151880758558976 701 1 1 729 2 1 -43 730 2 1 102 1992 4 1224979098644774917 1 93 0 3 0 3 0 4 0 522 3 1224979098644774914 1224979098644774913 11 30 2 1224979098644774914 0 520 3 1224979098644774915 1224979098644774914 13 4 0 31 2 1224979098644774915 -1 701 1 1 731 2 1 -500 729 2 1 3 730 2 1 -105 1980 5 1729382256910270490 360287970189639680 1 600 0 731 2 1 -200 1980 5 1729382256910270489 360287970189639680 1 600 0 731 2 1 -100 5 0 32 2 1224979098644774915 0 2120 3 1224979098644774916 1080863910568919436 1 33 3 1224979098644774915 1080863910568919286 1224979098644774916 2106 2 1224979098644774915 1080863910568919286 2120 3 1224979098644774917 1224979098644774915 1441151880758558976 701 1 1 729 2 1 50 730 2 1 102 1992 4 1224979098644774917 1 93 0 3 0 3 0 1989 5 0 210 210 0 100000 
tab_color_picker 0 missiles 32 32 0 0 0 0 9 23 2 1224979098644774912 1 2124 1 100 701 1 1 1992 4 1441151880758558830 1 0 0 722 2 1 1 720 2 1 -2 721 2 1 -2 1993 5 1441151880758558776 1 200 0 1224979098644774912 1989 5 0 20 20 0 100000 
tab_custom_banner_square_no_mesh 0 objects 512 512 0 0 300 300 4 23 2 1224979098644774912 1 2124 1 100 1 11 936748722493063642 1224979098644774912 0 0 10000 10000 9800 9800 10000 10000 0 1989 5 0 100 100 0 100000 
tab_custom_banner_default 0 objects 512 256 0 0 0 0 7 23 2 1224979098644774912 1 2124 1 100 1 11 936748722493063642 1224979098644774912 -9 -2 7450 19400 7200 18000 9000 10000 0 701 1 1 731 2 1 10 1992 4 1441151880758558950 1 0 0 1989 5 0 100 200 0 100000 
tab_custom_banner_tall 0 objects 512 256 0 0 0 0 7 23 2 1224979098644774912 1 2124 1 100 1 11 936748722493063642 1224979098644774912 -9 -2 7450 19400 7200 18000 9000 10000 0 701 1 1 731 2 1 10 1992 4 1441151880758558950 1 0 0 1989 5 0 100 200 0 100000 
tab_custom_banner_square 0 objects 256 256 0 0 0 0 7 23 2 1224979098644774912 1 2124 1 100 1 11 936748722493063642 1224979098644774912 -11 -4 7700 7700 7500 7500 8300 10000 0 701 1 1 731 2 1 10 1992 4 1441151880758558950 1 0 0 1989 5 0 100 100 0 100000 
tab_custom_banner_short 0 objects 512 256 0 0 0 0 7 23 2 1224979098644774912 1 2124 1 100 1 11 936748722493063642 1224979098644774912 -9 -1 7500 15000 7200 11250 9000 10000 0 701 1 1 731 2 1 10 1992 4 1441151880758558950 1 0 0 1989 5 0 100 200 0 100000 
tab_background_selection 0 missiles 512 512 0 0 100 100 7 23 2 1224979098644774912 1 520 3 1224979098644774913 360287970189639680 91 500 3 360287970189639680 91 1224979098644774912 2124 1 100 1 11 936748722493063642 360287970189639680 0 0 10000 10000 9800 9800 10000 10000 0 1989 5 0 100 100 0 100000 500 3 360287970189639680 91 1224979098644774913 
tab_positioning_selection 0 missiles 512 512 0 0 100 100 7 23 2 1224979098644774912 1 520 3 1224979098644774913 360287970189639680 98 500 3 360287970189639680 98 1224979098644774912 2124 1 100 1 11 936748722493063642 360287970189639680 0 0 10000 10000 9800 9800 10000 10000 0 1989 5 0 100 100 0 100000 500 3 360287970189639680 98 1224979098644774913 
tab_retired_troop_alpha_mask 0 mat_troop_portrait_mask 2048 2048 0 0 600 600 5 23 2 1224979098644774912 1 1985 1 8947848 1987 3 10 11 15 1984 0 1 2 936748722493063594 1224979098644774912 
tab_retired_troop_color 0 mat_troop_portrait_color 2048 2048 0 0 600 600 4 23 2 1224979098644774912 1 1985 1 4293383065 1987 3 10 11 15 1 2 936748722493063594 1224979098644774912 
tab_retirement_troop 0 tableau_with_transparency 2048 2048 0 0 600 600 12 23 2 1224979098644774912 1 1985 1 4287137928 1987 3 10 11 15 2124 1 100 1989 5 0 40 40 0 100000 701 1 1 731 2 1 100 729 2 1 -20 730 2 1 -20 1980 5 1729382256910270514 1224979098644774912 1 0 0 731 2 1 200 1980 5 1729382256910270513 1224979098644774912 1 0 0 
tab_dplmc_lord_profile 0 tableau_with_transparency 1024 1024 0 0 320 480 12 23 2 1224979098644774912 1 1985 1 4287137928 1987 3 10 11 15 2124 1 100 1989 5 0 40 40 0 100000 701 1 1 731 2 1 100 729 2 1 -20 730 2 1 -20 1980 5 1729382256910270496 1224979098644774912 1 0 0 731 2 1 200 1980 5 1729382256910270495 1224979098644774912 1 0 0 
tab_heraldic_armor_for_tableau 0 sample_heraldic_armor_a 1024 1024 0 0 0 0 24 23 2 1224979098644774912 1 2124 1 100 4 0 30 2 1224979098644774912 0 560 3 1224979098644774912 13 1 1 3 936748722493063586 -1 1224979098644774912 2133 2 1224979098644774913 72057594037927936 2121 3 1224979098644774914 1224979098644774913 1441151880758559127 520 3 1224979098644774915 360287970189640539 1224979098644774914 1985 1 1224979098644774915 701 1 1 1993 5 1441151880758558970 1 200 100 1224979098644774915 701 1 1 731 2 1 1 729 2 1 -58 730 2 1 75 1992 4 1224979098644774913 1 95 0 5 0 1 11 936748722493063642 1224979098644774912 -58 -23 5000 10400 6000 7000 4000 15000 0 3 0 701 1 1 731 2 1 30 1992 4 1441151880758558971 1 0 0 1989 5 0 200 200 0 100000 
tab_troop_heraldic_arm_mesh 0 tableau_with_transparency 1024 1024 0 0 180 270 13 23 2 1224979098644774912 1 1985 1 4287137928 1987 3 10 11 15 2124 1 100 1989 5 0 40 40 0 100000 701 1 1 731 2 1 100 729 2 1 -20 730 2 1 -20 1980 5 1729382256910270494 1224979098644774912 1 0 0 731 2 1 200 1980 5 1729382256910270493 1224979098644774912 1 0 0 731 2 1 300 
tab_custom_banner_default_for_tableau 0 objects 512 256 0 0 0 0 7 23 2 1224979098644774912 1 2124 1 100 1 11 936748722493063642 1224979098644774912 -9 -2 7450 19400 7200 18000 9000 10000 0 701 1 1 731 2 1 10 1992 4 1441151880758558950 1 0 0 1989 5 0 100 200 0 100000 
