1
1
1
1
1
1
1
1
1
1
1
1
1
1
1
1
1
1
1
1
1
1
1
1
1
1
1
1
1
1
1
1
1
1
1
1
1
1
1
1
1
1
1
1
1
1
1
1
1
1
1
1
1
1
1
1
1
1
1
1
1
1
1
1
1
1
1
1
1
1
1
1
1
1
1
1
1
1
1
1
1
1
1
1
1
1
1
1
1
1
1
1
1
1
1
1
1
1
1
1
6
2
6
4
3
2
2
2
6
6
7
6
7
6
23
2441
12
439
135
45
64
111
7
2
16
32
13
10
2
3
2
3
2
2
8
218
35
35
2
7
10
53
2
2
3
20
75
12
13
75
11
57
145
7
6
5
6
2
2
33
15
15
27
7
2
2
9
2
13
5
2
5
4
10
4
13
3
6
10
2
4
3
4
4
4
2
2
11
2
3
5
17
4
8
48
2
43
2
18
6
7
2
18
5
5
3
5
2
180
3
3
17
18
11
11
11
6
6
2
26
3
2
11
4
18
2
6
5
5
5
10
4
9
3
3
10
15
7
266
2
1
2
4
2
2
2
2
5
2
6
5
5
5
5
5
35
2
2
4
6
3
3
2
6
2
3
4
4
4
23
17
4
3
3
3
3
3
3
9
3
2
2
2
2
84
6
5
4
2
4
79
434
2
1
1
6
112
40
1
14
6
8
6
4
18
6
3
19
42
4
2
16
7
12
10
4
68
36
6
17
23
68
5
2
4
3
2
63
2
9
2
2
2
3
4
3
2
3
6
7
7
696
12
29
3
14
3
3
4
2
12
4
2
14
3
2
5
8
4
3
3
2
3
2
7
2
2
3
9
5
2
3
9
12
7
6
3
2
21
3
5
5
2
22
16
3
17
5
5
5
5
5
2
1
20
7
2
2
2
6
5
834
2
2
12
2
2
3
13
3
14
23
5
68
4
946
3
2
2
2
12
2
2
2
2
21
30
20
2
2
31
15
31
11
3
3
10
10
4
9
11
4
7
2
8
2
2
2
2
2
2
3
6
3
3
1
13
2
2
2
2
2
2
2
2
2
6
1
25
3
3
3
3
3
2
1
14
2
2
2
2
2
2
2
1
9
2
2
2
2
2
2
1
11
9
292
9
17
9
3
2
2
21
2
2
3
3
2
2
2
9
13
38
36
9
5
36
10
7
12
3
2
2
10
4
13
11
12
15
12
12
12
13
13
13
13
7
7
7
2
2
2
2
2
2
2
2
2
3
4
3
5
4
4
4
4
4
4
6
6
5
5
4
4
4
4
4
4
4
9
7
10
4
4
4
11
4
4
4
4
4
4
4
4
4
4
4
4
4
12
4
4
4
4
36
7
7
3
4
7
3
7
3
4
3
2
2
4
47
6
7
3
7
3
7
3
7
3
7
3
7
3
7
3
7
3
7
3
4
4
2
2
2
2
8
6
5
5
2
2
2
2
2
40
24
7
4
2
5
2
2
5
5
19
13
14
8
6
5
2
4
3
4
4
4
5
5
7
5
5
5
4
4
2
4
5
4
15
4
4
4
4
4
4
2
3
4
4
3
3
5
2
4
3
3
4
4
3
3
2
4
4
24
13
8
43
4
4
3
3
3
3
3
3
3
4
4
3
4
4
3
3
3
4
4
4
4
3
3
4
4
4
4
3
3
4
4
4
4
3
3
4
4
4
4
18
8
5
4
4
2
3
3
2
8
8
8
8
8
8
8
8
8
37
37
37
37
37
37
37
37
37
3
38
29
8
12
12
12
38
28
8
12
12
12
38
26
8
12
12
12
38
26
8
12
12
12
38
26
8
12
12
12
38
26
8
12
12
12
38
26
8
12
12
12
38
26
8
12
12
12
38
26
8
12
12
12
23
24
24
21
18
16
15
18
3
3
11
7
7
7
7
4
4
4
4
4
4
4
4
4
4
4
4
6
6
7
6
6
5
5
6
12
11
10
8
6
6
6
6
7
7
7
6
4
4
3
3
1
1
3
1
11
3
2
3
14
4
34
15
22
22
4
4
11
8
19
19
27
27
19
9
7
7
7
7
6
23
10
7
5
13
12
12
28
188
45
13
12
3
10
19
1
36
33
3
3
2
9
10
11
10
28
18
6
4
9
3
2
2
2
2
3
5
2
4
2
4
7
3
13
3
3
3
4
4
5
2
4
9
15
3
3
3
19
14
4
4
5
4
2
6
6
5
2
3
7
2
5
3
3
15
2
3
3
3
2
2
5
5
8
35
2
3
29
3
5
2
3
2
2
2
36
30
149
47
3
2
2
3
3
23
10
12
12
9
3
3
3
3
2
17
6
2
7
21
12
2
3
11
11
10
10
9
5
9
11
7
8
4
2
3
2
2
3
2
22
28
10
13
3
3
4
3
4
1
13
6
6
3
3
2
2
3
6
18
17
5
10
12
5
2
3
3
14
11
16
7
8
3
14
14
29
29
28
29
29
28
15
8
15
8
15
8
12
8
15
8
15
16
16
3
13
3
12
10
8
6
9
14
7
6
4
4
2
2
2
2
2
2
2
2
2
2
2
2
2
3
2
2
2
2
5
2
2
2
3
2
1
3
1
19
2
1
25
2
1
7
7
7
7
7
7
9
3
4
16
1
4
7
11
6
8
2
4
4
2
2
2
2
2
2
2
2
2
2
4
7
9
13
7
2
16
6
5
3
11
2
2
2
9
3
3
4
2
4
7
2
6
2
2
5
5
2
1
5
6
1
3
2
46
1
142
37
7
14
2
3
8
14
1
44
12
1
1
3
6
4
35
3
6
69
26
3
2
1
12
2
12
2
38
41
2
20
11
42
55
3
45
14
1
16
19
2
1332
1348
4
196
383
177
114
114
38
38
38
154
152
76
114
76
3
68
1
1
1
1
2
2
2
4
3
3
3
3
4
2
12
40
28
24
19
14
13
13
11
15
3
3
14
15
13
22
1
9
1
3
10
3
8
2
6
4
15
6
12
1
4
3
2
1
7
1
3
16
6
1
54
39
9
8
27
1
9
3
18
3
67
3
3
7
3
2
8
6
6
2
4
14
8
82
2
230
230
230
230
78
78
78
78
40
107
73
20
1
5
39
39
39
39
1
2
1
42
2
7
2
2
2
